1014
378
818
804
978
642
1049
967
693
763
529
780
713
830
766
1028
670
862
724
667
682
683
450
113
1046
4
401
84
843
1055
703
709
859
454
1107
566
604
1092
213
421
505
1161
662
612
945
671
372
1078
472
979
921
628
1018
956
744
970
825
1115
1062
523
808
551
1044
509
425
741
781
805
982
712
747
1139
1026
1084
1098
852
941
1068
700
824
467
198
924
542
704
974
1132
1143
311
1052
1128
292
323
1151
6
1147
734
559
729
920
491
726
547
613
1099
8
723
109
861
1034
827
647
702
855
943
506
701
603
478
1091
782
721
669
1113
1020
1157
866
819
546
215
1117
503
962
446
527
778
218
285
1163
18
785
989
1064
838
590
19
1037
911
502
561
611
458
140
1006
516
1101
1058
464
78
706
615
562
884
535
1162
588
1047
103
960
1108
851
383
1152
654
666
995
183
909
602
624
759
725
736
485
1003
707
325
806
868
1024
606
816
351
27
809
932
411
1124
155
678
900
910
929
1036
1005
360
395
1031
798
790
1002
350
828
893
923
597
687
807
742
871
1010
444
31
695
664
1048
928
579
976
646
1146
881
34
403
675
764
836
552
1053
984
887
882
375
992
284
306
711
409
120
873
854
1136
951
937
717
789
400
917
287
476
541
413
37
883
958
988
672
1100
1097
832
919
940
878
1123
714
820
944
800
774
1063
696
914
114
1040
1159
953
973
1167
847
658
1085
260
905
1127
501
1116
1033
981
1030
752
831
536
829
408
813
771
248
129
892
537
966
1081
1142
1135
462
1061
1013
676
740
456
716
296
1112
278
42
934
470
1077
1021
886
957
565
902
971
1000
607
1069
577
823
641
640
869
674
315
447
45
303
313
985
769
1133
585
787
685
461
221
617
1149
497
681
540
1150
1001
525
990
1089
998
846
652
784
698
793
638
46
595
508
880
47
207
927
396
191
991
1087
969
486
169
1102
867
1051
402
643
1065
750
720
554
950
890
255
138
694
1008
965
517
812
468
388
1004
661
822
933
560
1082
1060
329
845
1042
1039
283
888
673
1126
1105
111
803
1140
240
1144
684
302
731
593
689
97
874
567
948
496
1016
659
788
629
745
779
393
786
483
710
748
522
877
1075
289
746
83
557
279
1156
918
163
817
922
801
897
811
728
903
91
453
439
1017
931
954
1119
1137
1041
519
549
963
1088
608
860
326
636
686
589
865
1118
799
353
775
975
610
92
844
200
796
1111
60
964
1141
968
762
977
1090
802
386
406
367
1109
627
1160
62
795
90
1155
697
821
363
770
1080
743
864
364
834
1096
792
961
733
122
876
538
173
172
986
660
1121
1148
1025
841
1134
722
5
657
980
609
1015
814
594
1114
1007
534
815
15
983
631
82
901
730
907
994
457
570
849
531
580
677
412
618
208
680
1145
875
1104
1095
835
1110
691
889
1154
1038
848
261
1130
238
853
632
1011
999
156
1056
896
1106
895
44
1074
791
227
755
644
492
972
1131
718
947
488
455
839
1027
1032
637
1138
904
756
1165
738
732
765
739
1043
1045
57
688
1029
459
414
735
885
754
645
761
690
76
783
581
205
233
1073
767
429
318
1093
837
639
912
776
511
777
1057
955
993
1023
100
117
842
620
480
727
526
858
826
622
79
699
810
583
63
850
633
959
715
857
584
768
601
258
598
863
1103
634
528
899
935
1164
443
1059
555
1094
543
1076
247
182
1083
1054
891
1129
1012
635
751
236
906
797
1166
1019
362
916
653
908
1022
373
949
879
840
679
1071
1072
1070
1035
894
872
1086
1079
1158
936
930
1120